0 0.109559 0.353676 0.042647 0.075000
0 0.286765 0.406618 0.050000 0.080882
0 0.434559 0.237500 0.039706 0.083824
0 0.563235 0.231618 0.038235 0.083824
0 0.861765 0.188235 0.047059 0.073529
0 0.052941 0.499265 0.029412 0.042647
0 0.191912 0.504412 0.039706 0.061765
0 0.390441 0.507353 0.022059 0.026471
0 0.536765 0.449265 0.038235 0.019118
0 0.618382 0.477206 0.042647 0.060294
2 0.541912 0.495588 0.066176 0.079412
2 0.121324 0.435294 0.069118 0.114706
2 0.057353 0.542647 0.038235 0.041176
2 0.438235 0.357353 0.070588 0.164706
2 0.325735 0.491176 0.077941 0.132353
2 0.559559 0.347794 0.060294 0.180882
2 0.858088 0.297059 0.066176 0.144118
2 0.760294 0.400000 0.061765 0.088235
2 0.662500 0.373529 0.054412 0.073529
