0 0.916912 0.431618 0.033824 0.048529
3 0.953676 0.460294 0.057353 0.073529
0 0.469853 0.443382 0.048529 0.051471
3 0.474265 0.513971 0.069118 0.092647
0 0.227206 0.530882 0.057353 0.091176
3 0.141912 0.620588 0.127941 0.158824
0 0.617647 0.318382 0.035294 0.054412
3 0.577206 0.338971 0.051471 0.063235
0 0.488971 0.333088 0.022059 0.027941
3 0.471324 0.379412 0.036765 0.067647
0 0.554412 0.316176 0.020588 0.023529
3 0.524265 0.338235 0.042647 0.041176
0 0.504412 0.291912 0.014706 0.019118
0 0.461765 0.300000 0.017647 0.014706
0 0.463971 0.293382 0.016176 0.016176
3 0.488971 0.309559 0.030882 0.036765
3 0.449265 0.323529 0.025000 0.038235
3 0.434559 0.312500 0.033824 0.039706
3 0.243382 0.281618 0.042647 0.086765
3 0.290441 0.247059 0.030882 0.050000
0 0.222059 0.216912 0.032353 0.039706
0 0.286765 0.207353 0.020588 0.029412
